0	
2.68281e-09	
1.60969e-08	
8.31671e-08	
4.18519e-07	
2.09528e-06	
1.04791e-05	
5.2398e-05	
0.000140946	
0.000272342	
0.000444324	
0.000637944	
0.000838001	
0.001	
0.00121699	
0.00153128	
0.00189123	
0.002	
0.00247364	
0.003	
0.00328695	
0.0035739	
0.00388173	
0.004	
0.00437249	
0.00488438	
0.005	
0.00557811	
0.006	
0.0063071	
0.00661421	
0.00694449	
0.007	
0.00727755	
0.00781904	
0.008	
0.00864612	
0.009	
0.00932886	
0.00965772	
0.01	
0.0103934	
0.011	
0.0116144	
0.012	
0.0123415	
0.012683	
0.013	
0.0134115	
0.014	
0.0146487	
0.015	
0.0153602	
0.0157204	
0.016	
0.0164384	
0.017	
0.0176794	
0.018	
0.0183724	
0.0187449	
0.019	
0.0194564	
0.02	
0.0207054	
0.021	
0.0213835	
0.021767	
0.022	
0.0224728	
0.023	
0.0237291	
0.024	
0.0243939	
0.0247877	
0.025	
0.0254884	
0.026	
0.0267516	
0.027	
0.0274039	
0.0278078	
0.028	
0.0285036	
0.029	
0.0297736	
0.03	
0.0304139	
0.0308277	
0.031	
0.0315189	
0.032	
0.0327956	
0.033	
0.0334239	
0.0338478	
0.034	
0.0345344	
0.035	
0.035818	
0.036	
0.0364341	
0.0368683	
0.037	
0.0375505	
0.038	
0.0388412	
0.039	
0.03945	
0.0399001	
0.04	
0.0404997	
0.041	
0.0418495	
0.042	
0.0424626	
0.0429252	
0.043	
0.0433738	
0.044	
0.0448411	
0.045	
0.0454737	
0.0459474	
0.046	
0.0462631	
0.047	
0.0478372	
0.048	
0.0484863	
0.049	
0.0495486	
0.05	
0.051	
0.051495	
0.052	
0.0525663	
0.053	
0.054	
0.0545111	
0.055	
0.0555872	
0.056	
0.057	
0.0575296	
0.058	
0.0586116	
0.059	
0.06	
0.0605517	
0.061	
0.061641	
0.062	
0.063	
0.0635793	
0.064	
0.0646781	
0.065	
0.066	
0.0666159	
0.067	
0.0677283	
0.068	
0.069	
0.0696501	
0.07	
0.0707761	
0.071	
0.072	
0.0726949	
0.073	
0.07384	
0.074	
0.0748	
0.075	
0.0757602	
0.076	
0.077	
0.078	
0.0787799	
0.079	
0.08	
0.081	
0.0816821	
0.082	
0.0828214	
0.083	
0.0838929	
0.084	
0.0845353	
0.085	
0.085732	
0.086	
0.087	
0.087602	
0.088	
0.0887092	
0.089	
0.09	
0.0905808	
0.091	
0.0916801	
0.092	
0.093	
0.0935655	
0.094	
0.0946594	
0.095	
0.096	
0.0965543	
0.097	
0.0976444	
0.098	
0.099	
0.0995462	
0.1	
0.100634	
0.101	
0.102	
0.10254	
0.103	
0.103626	
0.104	
0.105	
0.105537	
0.106	
0.106621	
0.107	
0.108	
0.108535	
0.109	
0.109619	
0.11	
0.111	
0.111534	
0.112	
0.112618	
0.113	
0.114	
0.114535	
0.115	
0.115619	
0.116	
0.117	
0.117538	
0.118	
0.118622	
0.119	
0.12	
0.120541	
0.121	
0.121627	
0.122	
0.123	
0.123546	
0.124	
0.124634	
0.125	
0.126	
0.126553	
0.127	
0.127642	
0.128	
0.129	
0.12956	
0.13	
0.130653	
0.131	
0.132	
0.13257	
0.133	
0.133665	
0.134	
0.135	
0.135581	
0.136	
0.13668	
0.137	
0.138	
0.138593	
0.139	
0.139697	
0.14	
0.141	
0.141608	
0.142	
0.142717	
0.143	
0.144	
0.144625	
0.145	
0.145741	
0.146	
0.147	
0.147646	
0.148	
0.14877	
0.149	
0.15	
0.150658	
0.151	
0.151787	
0.152	
0.153	
0.153663	
0.154	
0.154794	
0.155	
0.156	
0.156667	
0.157	
0.1578	
0.158	
0.159	
0.159671	
0.16	
0.160806	
0.161	
0.162	
0.162675	
0.163	
0.163811	
0.164	
0.165	
0.165678	
0.166	
0.166815	
0.167	
0.168	
0.16868	
0.169	
0.169818	
0.17	
0.170909	
0.171	
0.171456	
0.172	
0.17277	
0.173	
0.174	
0.17468	
0.175	
0.175819	
0.176	
0.176905	
0.177	
0.177476	
0.178	
0.178773	
0.179	
0.18	
0.180676	
0.181	
0.181813	
0.182	
0.183	
0.183673	
0.184	
0.184808	
0.185	
0.186	
0.186669	
0.187	
0.187803	
0.188	
0.189	
0.189664	
0.19	
0.190796	
0.191	
0.192	
0.192659	
0.193	
0.193789	
0.194	
0.195	
0.195654	
0.196	
0.196782	
0.197	
0.198	
0.198649	
0.199	
0.199775	
0.2	
0.201	
0.201644	
0.202	
0.202768	
0.203	
0.204	
0.204639	
0.205	
0.205761	
0.206	
0.207	
0.207635	
0.208	
0.208755	
0.209	
0.21	
0.210631	
0.211	
0.211749	
0.212	
0.213	
0.213627	
0.214	
0.214744	
0.215	
0.216	
0.216623	
0.217	
0.217739	
0.218	
0.219	
0.21962	
0.22	
0.220734	
0.221	
0.222	
0.222617	
0.223	
0.22373	
0.224	
0.225	
0.225615	
0.226	
0.226727	
0.227	
0.228	
0.228613	
0.229	
0.229724	
0.23	
0.231	
0.231611	
0.232	
0.232721	
0.233	
0.234	
0.234607	
0.235	
0.235716	
0.236	
0.237	
0.2376	
0.238	
0.238707	
0.239	
0.24	
0.240594	
0.241	
0.241698	
0.242	
0.243	
0.243588	
0.244	
0.24469	
0.245	
0.246	
0.246583	
0.247	
0.247683	
0.248	
0.249	
0.249578	
0.25	
0.250676	
0.251	
0.252	
0.252574	
0.253	
0.253671	
0.254	
0.255	
0.25557	
0.256	
0.256665	
0.257	
0.258	
0.258566	
0.259	
0.25966	
0.26	
0.261	
0.261562	
0.262	
0.262655	
0.263	
0.264	
0.264558	
0.265	
0.26565	
0.266	
0.267	
0.267555	
0.268	
0.268645	
0.269	
0.27	
0.270551	
0.271	
0.27164	
0.272	
0.273	
0.273547	
0.274	
0.274635	
0.275	
0.276	
0.276544	
0.277	
0.27763	
0.278	
0.279	
0.27954	
0.28	
0.280625	
0.281	
0.282	
0.282536	
0.283	
0.28362	
0.284	
0.285	
0.285532	
0.286	
0.286614	
0.287	
0.288	
0.288527	
0.289	
0.289609	
0.29	
0.291	
0.291523	
0.292	
0.292603	
0.293	
0.294	
0.294519	
0.295	
0.295597	
0.296	
0.297	
0.297514	
0.298	
0.298591	
0.299	
0.3	
0.300509	
0.301	
0.301584	
0.302	
0.303	
0.303504	
0.304	
0.304578	
0.305	
0.306	
0.306499	
0.307	
0.307571	
0.308	
0.309	
0.309494	
0.31	
0.310565	
0.311	
0.312	
0.312493	
0.313	
0.313563	
0.314	
0.315	
0.315488	
0.316	
0.316557	
0.317	
0.318	
0.318482	
0.319	
0.31955	
0.32	
0.321	
0.321476	
0.321952	
0.322	
0.32224	
0.323	
0.323847	
0.324	
0.324478	
0.325	
0.325535	
0.326	
0.326906	
0.327	
0.327468	
0.32795	
0.328	
0.32825	
0.329	
0.329827	
0.33	
0.330467	
0.330934	
0.331	
0.33133	
0.332	
0.332846	
0.333	
0.333471	
0.333942	
0.334	
0.334288	
0.335	
0.335839	
0.336	
0.336471	
0.336943	
0.337	
0.337285	
0.338	
0.338	
0.338	
0.338	
0.338	
0.338	
0.338002	
0.338008	
0.33804	
0.338119	
0.338242	
0.338406	
0.338609	
0.338853	
0.339	
0.339319	
0.339813	
0.34	
0.340593	
0.341	
0.341352	
0.341704	
0.342	
0.342425	
0.343	
0.343666	
0.344	
0.344393	
0.344786	
0.345	
0.345487	
0.346	
0.346746	
0.347	
0.347359	
0.347718	
0.348	
0.348437	
0.349	
0.349674	
0.35	
0.350341	
0.350683	
0.351	
0.351411	
0.352	
0.352637	
0.353	
0.353328	
0.353657	
0.354	
0.354393	
0.355	
0.355609	
0.356	
0.356321	
0.356641	
0.357	
0.357382	
0.357944	
0.358	
0.358282	
0.359	
0.359345	
0.359689	
0.36	
0.360416	
0.361	
0.361647	
0.362	
0.362363	
0.362725	
0.363	
0.363442	
0.364	
0.364684	
0.365	
0.365378	
0.365756	
0.366	
0.366465	
0.367	
0.367717	
0.368	
0.368392	
0.368783	
0.369	
0.369485	
0.37	
0.370747	
0.371	
0.371405	
0.371809	
0.372	
0.372505	
0.373	
0.373775	
0.374	
0.374417	
0.374835	
0.375	
0.375524	
0.376	
0.376803	
0.377	
0.37743	
0.37786	
0.378	
0.378544	
0.379	
0.379832	
0.38	
0.380447	
0.380894	
0.381	
0.381531	
0.382	
0.382853	
0.383	
0.383464	
0.383928	
0.384	
0.384362	
0.385	
0.38584	
0.386	
0.386477	
0.387	
0.387536	
0.388	
0.388908	
0.389	
0.389458	
0.39	
0.390552	
0.391	
0.392	
0.392506	
0.393	
0.393581	
0.394	
0.395	
0.395528	
0.396	
0.39661	
0.397	
0.398	
0.398555	
0.399	
0.399646	
0.4	
0.401	
0.401592	
0.402	
0.402695	
0.403	
0.404	
0.404647	
0.405	
0.405771	
0.406	
0.407	
0.407691	
0.408	
0.408835	
0.409	
0.409825	
0.41	
0.410875	
0.411	
0.411627	
0.412	
0.413	
0.413722	
0.414	
0.414879	
0.415	
0.415606	
0.416	
0.416639	
0.417	
0.41776	
0.418	
0.419	
0.419595	
0.42	
0.420699	
0.421	
0.422	
0.422567	
0.423	
0.423661	
0.424	
0.425	
0.425547	
0.426	
0.426635	
0.427	
0.428	
0.428533	
0.429	
0.429616	
0.43	
0.431	
0.431522	
0.432	
0.432602	
0.433	
0.434	
0.434515	
0.435	
0.435592	
0.436	
0.437	
0.437509	
0.438	
0.438585	
0.439	
0.44	
0.440506	
0.441	
0.44158	
0.442	
0.443	
0.443504	
0.444	
0.444578	
0.445	
0.446	
0.446503	
0.447	
0.447577	
0.448	
0.449	
0.449504	
0.45	
0.450578	
0.451	
0.452	
0.452506	
0.453	
0.453581	
0.454	
0.455	
0.45551	
0.456	
0.456585	
0.457	
0.458	
0.458514	
0.459	
0.459591	
0.46	
0.461	
0.46152	
0.462	
0.462599	
0.463	
0.464	
0.464527	
0.465	
0.465608	
0.466	
0.467	
0.467535	
0.468	
0.468619	
0.469	
0.47	
0.470545	
0.471	
0.471632	
0.472	
0.473	
0.473557	
0.474	
0.474648	
0.475	
0.476	
0.47657	
0.477	
0.477666	
0.478	
0.479	
0.479586	
0.48	
0.480688	
0.481	
0.482	
0.482605	
0.483	
0.483713	
0.484	
0.485	
0.485627	
0.486	
0.486743	
0.487	
0.488	
0.488653	
0.489	
0.48978	
0.49	
0.491	
0.491685	
0.492	
0.492825	
0.493	
0.493874	
0.494	
0.494631	
0.495	
0.495836	
0.496	
0.49682	
0.497	
0.497718	
0.498	
0.498868	
0.499	
0.499661	
0.5	
0.500722	
0.501	
0.501879	
0.502	
0.502604	
0.503	
0.503729	
0.504	
0.50489	
0.505	
0.505549	
0.506	
0.506736	
0.507	
0.507899	
0.508	
0.508504	
0.509	
0.50974	
0.51	
0.510906	
0.511	
0.51147	
0.512	
0.512743	
0.513	
0.514	
0.515	
0.515745	
0.516	
0.517	
0.518	
0.518744	
0.519	
0.52	
0.521	
0.521743	
0.522	
0.523	
0.524	
0.52474	
0.525	
0.525905	
0.526	
0.526475	
0.527	
0.527735	
0.528	
0.528899	
0.529	
0.529505	
0.53	
0.530731	
0.531	
0.531892	
0.532	
0.532541	
0.533	
0.533725	
0.534	
0.534884	
0.535	
0.535581	
0.536	
0.536719	
0.537	
0.537875	
0.538	
0.538625	
0.539	
0.539713	
0.54	
0.540866	
0.541	
0.54167	
0.542	
0.542707	
0.543	
0.543857	
0.544	
0.544716	
0.545	
0.5457	
0.546	
0.546848	
0.547	
0.547762	
0.548	
0.548694	
0.549	
0.549838	
0.55	
0.550808	
0.551	
0.551688	
0.552	
0.55283	
0.553	
0.553852	
0.554	
0.554739	
0.555	
0.555834	
0.556	
0.55683	
0.557	
0.557849	
0.558	
0.558755	
0.559	
0.56	
0.56067	
0.561	
0.561805	
0.562	
0.563	
0.563664	
0.564	
0.564795	
0.565	
0.566	
0.566651	
0.567	
0.567777	
0.568	
0.569	
0.56964	
0.57	
0.570762	
0.571	
0.572	
0.572631	
0.573	
0.573749	
0.574	
0.575	
0.575623	
0.576	
0.576737	
0.577	
0.578	
0.578615	
0.579	
0.579727	
0.58	
0.581	
0.581609	
0.582	
0.582719	
0.583	
0.584	
0.584603	
0.585	
0.585711	
0.586	
0.587	
0.587598	
0.588	
0.588703	
0.589	
0.59	
0.590593	
0.591	
0.591696	
0.592	
0.593	
0.593588	
0.594	
0.59469	
0.595	
0.596	
0.596584	
0.597	
0.597684	
0.598	
0.599	
0.599579	
0.6	
0.600678	
0.601	
0.602	
0.602575	
0.603	
0.603672	
0.604	
0.605	
0.605571	
0.606	
0.606666	
0.607	
0.608	
0.608566	
0.609	
0.60966	
0.61	
0.611	
0.611562	
0.612	
0.612654	
0.613	
0.614	
0.614557	
0.615	
0.615648	
0.616	
0.617	
0.617552	
0.618	
0.618641	
0.619	
0.62	
0.620547	
0.621	
0.621635	
0.622	
0.623	
0.623542	
0.624	
0.624628	
0.625	
0.626	
0.626536	
0.627	
0.627621	
0.628	
0.629	
0.629531	
0.63	
0.630613	
0.631	
0.632	
0.632525	
0.633	
0.633606	
0.634	
0.635	
0.635519	
0.636	
0.636598	
0.637	
0.638	
0.638514	
0.639	
0.63959	
0.64	
0.641	
0.641508	
0.642	
0.642582	
0.643	
0.644	
0.644505	
0.645	
0.64558	
0.646	
0.647	
0.647505	
0.648	
0.648579	
0.649	
0.65	
0.650505	
0.651	
0.651579	
0.652	
0.653	
0.653504	
0.654	
0.654578	
0.655	
0.656	
0.656504	
0.657	
0.657578	
0.658	
0.659	
0.659501	
0.66	
0.660574	
0.661	
0.662	
0.662494	
0.663	
0.663565	
0.664	
0.665	
0.665486	
0.666	
0.666555	
0.667	
0.668	
0.668479	
0.669	
0.669545	
0.67	
0.671	
0.671471	
0.671942	
0.672	
0.672288	
0.673	
0.67385	
0.674	
0.674474	
0.674948	
0.674948	
0.674948	
0.674948	
0.674948	
0.674948	
0.674949	
0.674956	
0.674987	
0.675066	
0.675188	
0.675351	
0.675554	
0.675797	
0.675948	
0.676266	
0.676754	
0.676948	
0.677531	
0.677948	
0.678285	
0.678623	
0.678948	
0.679352	
0.679948	
0.680583	
0.680948	
0.681341	
0.681733	
0.681948	
0.682434	
0.682948	
0.683689	
0.683948	
0.684307	
0.684667	
0.684948	
0.685385	
0.685948	
0.686626	
0.686948	
0.687309	
0.68767	
0.687948	
0.688387	
0.688948	
0.689629	
0.689948	
0.690313	
0.690679	
0.690948	
0.691394	
0.691948	
0.692639	
0.692948	
0.693319	
0.693691	
0.693948	
0.694403	
0.694948	
0.695652	
0.695948	
0.696327	
0.696706	
0.696948	
0.697414	
0.697948	
0.698668	
0.698948	
0.699335	
0.699723	
0.699948	
0.700427	
0.700948	
0.701686	
0.701948	
0.702344	
0.702741	
0.702948	
0.70344	
0.703948	
0.704706	
0.704948	
0.705354	
0.70576	
0.705948	
0.706455	
0.706948	
0.707726	
0.707948	
0.708364	
0.70878	
0.708948	
0.70947	
0.709948	
0.710749	
0.710948	
0.711374	
0.711801	
0.711948	
0.712486	
0.712948	
0.713772	
0.713948	
0.714388	
0.714829	
0.714948	
0.715504	
0.715948	
0.716797	
0.716948	
0.717403	
0.717859	
0.717948	
0.718392	
0.718948	
0.719793	
0.719948	
0.720416	
0.720884	
0.720948	
0.721267	
0.721948	
0.722787	
0.722948	
0.723429	
0.723948	
0.72449	
0.724948	
0.725948	
0.726439	
0.726948	
0.727509	
0.727948	
0.728948	
0.729457	
0.729948	
0.730533	
0.730948	
0.731948	
0.732479	
0.732948	
0.733561	
0.733948	
0.734948	
0.735505	
0.735948	
0.736597	
0.736948	
0.737948	
0.738542	
0.738948	
0.739646	
0.739948	
0.740948	
0.741596	
0.741948	
0.742722	
0.742948	
0.743948	
0.744615	
0.744948	
0.745748	
0.745948	
0.746948	
0.747631	
0.747948	
0.748772	
0.748948	
0.749827	
0.749948	
0.750549	
0.750948	
0.751775	
0.751948	
0.752811	
0.752948	
0.753631	
0.753948	
0.754715	
0.754948	
0.755948	
0.756541	
0.756948	
0.757645	
0.757948	
0.758948	
0.759513	
0.759948	
0.760606	
0.760948	
0.761948	
0.762493	
0.762948	
0.76358	
0.763948	
0.764948	
0.765478	
0.765948	
0.76656	
0.766948	
0.767948	
0.768467	
0.768948	
0.769546	
0.769948	
0.770948	
0.771459	
0.771948	
0.772536	
0.772948	
0.773948	
0.774454	
0.774948	
0.775528	
0.775948	
0.776948	
0.77745	
0.777948	
0.778523	
0.778948	
0.779948	
0.780447	
0.780948	
0.78152	
0.781948	
0.782948	
0.783447	
0.783948	
0.784519	
0.784948	
0.785948	
0.786447	
0.786948	
0.78752	
0.787948	
0.788948	
0.789449	
0.789948	
0.790522	
0.790948	
0.791948	
0.792452	
0.792948	
0.793525	
0.793948	
0.794948	
0.795456	
0.795948	
0.796531	
0.796948	
0.797948	
0.798461	
0.798948	
0.799538	
0.799948	
0.800948	
0.801467	
0.801948	
0.802546	
0.802948	
0.803948	
0.804475	
0.804948	
0.805556	
0.805948	
0.806948	
0.807485	
0.807948	
0.808569	
0.808948	
0.809948	
0.810496	
0.810948	
0.811583	
0.811948	
0.812948	
0.813508	
0.813948	
0.814601	
0.814948	
0.815948	
0.816523	
0.816948	
0.817621	
0.817948	
0.818948	
0.819541	
0.819948	
0.820645	
0.820948	
0.821948	
0.822562	
0.822948	
0.823674	
0.823948	
0.824948	
0.825587	
0.825948	
0.826709	
0.826948	
0.827948	
0.828619	
0.828948	
0.829753	
0.829948	
0.830948	
0.831639	
0.831948	
0.832783	
0.832948	
0.833772	
0.833948	
0.834825	
0.834948	
0.835563	
0.835948	
0.836948	
0.837656	
0.837948	
0.838807	
0.838948	
0.839653	
0.839948	
0.840663	
0.840948	
0.841817	
0.841948	
0.842602	
0.842948	
0.843669	
0.843948	
0.844826	
0.844948	
0.845557	
0.845948	
0.846674	
0.846948	
0.847833	
0.847948	
0.848522	
0.848948	
0.849677	
0.849948	
0.850838	
0.850948	
0.851496	
0.851948	
0.85268	
0.852948	
0.853841	
0.853948	
0.854479	
0.854948	
0.85568	
0.855948	
0.856843	
0.856948	
0.857473	
0.857948	
0.85868	
0.858948	
0.859842	
0.859948	
0.860476	
0.860948	
0.861679	
0.861948	
0.86284	
0.862948	
0.863487	
0.863948	
0.864676	
0.864948	
0.865836	
0.865948	
0.866505	
0.866948	
0.867673	
0.867948	
0.868831	
0.868948	
0.86953	
0.869948	
0.870669	
0.870948	
0.871825	
0.871948	
0.872559	
0.872948	
0.873664	
0.873948	
0.874819	
0.874948	
0.875593	
0.875948	
0.876659	
0.876948	
0.877812	
0.877948	
0.878628	
0.878948	
0.879654	
0.879948	
0.880804	
0.880948	
0.881666	
0.881948	
0.882649	
0.882948	
0.883796	
0.883948	
0.884704	
0.884948	
0.885643	
0.885948	
0.886789	
0.886948	
0.887743	
0.887948	
0.888638	
0.888948	
0.889781	
0.889948	
0.890781	
0.890948	
0.89178	
0.891948	
0.892784	
0.892948	
0.893765	
0.893948	
0.894628	
0.894948	
0.895766	
0.895948	
0.896856	
0.896948	
0.897408	
0.897948	
0.898712	
0.898948	
0.899948	
0.900618	
0.900948	
0.901752	
0.901948	
0.902948	
0.903613	
0.903948	
0.904745	
0.904948	
0.905948	
0.9066	
0.906948	
0.907727	
0.907948	
0.908948	
0.909588	
0.909948	
0.91071	
0.910948	
0.911948	
0.912578	
0.912948	
0.913696	
0.913948	
0.914948	
0.915569	
0.915948	
0.916683	
0.916948	
0.917948	
0.918561	
0.918948	
0.919672	
0.919948	
0.920948	
0.921554	
0.921948	
0.922662	
0.922948	
0.923948	
0.924547	
0.924948	
0.925653	
0.925948	
0.926948	
0.927541	
0.927948	
0.928645	
0.928948	
0.929948	
0.930536	
0.930948	
0.931637	
0.931948	
0.932948	
0.93353	
0.933948	
0.93463	
0.934948	
0.935948	
0.936525	
0.936948	
0.937623	
0.937948	
0.938948	
0.93952	
0.939948	
0.940617	
0.940948	
0.941948	
0.942516	
0.942948	
0.94361	
0.943948	
0.944948	
0.945511	
0.945948	
0.946604	
0.946948	
0.947948	
0.948506	
0.948948	
0.949597	
0.949948	
0.950948	
0.951501	
0.951948	
0.952591	
0.952948	
0.953948	
0.954496	
0.954948	
0.955584	
0.955948	
0.956948	
0.957491	
0.957948	
0.958577	
0.958948	
0.959948	
0.960485	
0.960948	
0.96157	
0.961948	
0.962948	
0.96348	
0.963948	
0.964563	
0.964948	
0.965948	
0.966474	
0.966948	
0.967555	
0.967948	
0.968948	
0.969469	
0.969948	
0.970548	
0.970948	
0.971948	
0.972463	
0.972948	
0.97354	
0.973948	
0.974948	
0.975457	
0.975948	
0.976532	
0.976948	
0.977948	
0.978452	
0.978948	
0.979526	
0.979948	
0.980948	
0.981452	
0.981948	
0.982526	
0.982948	
0.983948	
0.984452	
0.984948	
0.985526	
0.985948	
0.986948	
0.987452	
0.987948	
0.988525	
0.988948	
0.989948	
0.990451	
0.990948	
0.991525	
0.991948	
0.992948	
0.993451	
0.993948	
0.994524	
0.994948	
0.995948	
0.99645	
0.996948	
0.997524	
0.997948	
0.998948	
0.99945	
0.999948	
1.00052	
1.00095	
1.00195	
1.00244	
1.00295	
1.00352	
1.00395	
1.00495	
1.00544	
1.00595	
1.00651	
1.00695	
1.00795	
1.00843	
1.00895	
1.00949	
1.00995	
1.01095	
1.01142	
1.01189	
1.01189	
1.01189	
1.01189	
1.01189	
1.01189	
1.01189	
1.0119	
1.01193	
1.012	
1.01212	
1.01228	
1.01248	
1.01272	
1.01289	
1.01321	
1.0137	
1.01389	
1.01448	
1.01489	
1.01523	
1.01556	
1.01589	
1.01629	
1.01689	
1.01752	
1.01789	
1.01831	
1.01872	
1.01889	
1.01941	
1.01989	
1.0207	
1.02089	
1.02132	
1.02175	
1.02189	
1.02243	
1.02289	
1.02372	
1.02389	
1.02432	
1.02475	
1.02489	
1.02543	
1.02589	
1.02672	
1.02689	
1.02731	
1.02773	
1.02789	
1.02841	
1.02889	
1.02969	
1.02989	
1.0303	
1.03071	
1.03089	
1.0314	
1.03189	
1.03267	
1.03289	
1.0333	
1.0337	
1.03389	
1.0344	
1.03489	
1.03567	
1.03589	
1.0363	
1.03671	
1.03689	
1.0374	
1.03789	
1.03867	
1.03889	
1.0393	
1.03972	
1.03989	
1.04041	
1.04089	
1.04168	
1.04189	
1.04231	
1.04273	
1.04289	
1.04342	
1.04389	
1.0447	
1.04489	
1.04532	
1.04574	
1.04589	
1.04643	
1.04689	
1.04772	
1.04789	
1.04833	
1.04877	
1.04889	
1.04944	
1.04989	
1.05074	
1.05089	
1.05134	
1.05179	
1.05189	
1.05239	
1.05289	
1.05374	
1.05389	
1.05435	
1.05482	
1.05489	
1.05527	
1.05589	
1.05673	
1.05689	
1.05737	
1.05784	
1.05789	
1.05816	
1.05889	
1.05973	
1.05989	
1.06038	
1.06089	
1.06144	
1.06189	
1.06289	
1.06339	
1.06389	
1.06446	
1.06489	
1.06589	
1.06641	
1.06689	
1.06748	
1.06789	
1.06889	
1.06943	
1.06989	
1.07051	
1.07089	
1.07189	
1.07245	
1.07289	
1.07355	
1.07389	
1.07489	
1.07549	
1.07589	
1.0766	
1.07689	
1.07789	
1.07854	
1.07889	
1.07966	
1.07989	
1.08089	
1.08155	
1.08189	
1.08268	
1.08289	
1.08389	
1.08457	
1.08489	
1.0857	
1.08589	
1.08689	
1.08758	
1.08789	
1.08873	
1.08889	
1.08973	
1.08989	
1.09054	
1.09089	
1.09165	
1.09189	
1.09289	
1.09348	
1.09389	
1.09459	
1.09489	
1.09589	
1.09646	
1.09689	
1.09755	
1.09789	
1.09889	
1.09944	
1.09989	
1.10052	
1.10089	
1.10189	
1.10242	
1.10289	
1.1035	
1.10389	
1.10489	
1.10541	
1.10589	
1.10649	
1.10689	
1.10789	
1.1084	
1.10889	
1.10948	
1.10989	
1.11089	
1.1114	
1.11189	
1.11247	
1.11289	
1.11389	
1.11439	
1.11489	
1.11546	
1.11589	
1.11689	
1.11739	
1.11789	
1.11846	
1.11889	
1.11989	
1.12039	
1.12089	
1.12146	
1.12189	
1.12289	
1.12339	
1.12389	
1.12446	
1.12489	
1.12589	
1.12639	
1.12689	
1.12746	
1.12789	
1.12889	
1.12939	
1.12989	
1.13047	
1.13089	
1.13189	
1.1324	
1.13289	
1.13347	
1.13389	
1.13489	
1.1354	
1.13589	
1.13648	
1.13689	
1.13789	
1.13841	
1.13889	
1.13949	
1.13989	
1.14089	
1.14142	
1.14189	
1.1425	
1.14289	
1.14389	
1.14442	
1.14489	
1.14551	
1.14589	
1.14689	
1.14743	
1.14789	
1.14852	
1.14889	
1.14989	
1.15045	
1.15089	
1.15154	
1.15189	
1.15289	
1.15346	
1.15389	
1.15456	
1.15489	
1.15589	
1.15648	
1.15689	
1.15758	
1.15789	
1.15889	
1.1595	
1.15989	
1.16061	
1.16089	
1.16189	
1.16252	
1.16289	
1.16364	
1.16389	
1.16489	
1.16555	
1.16589	
1.16668	
1.16689	
1.16789	
1.16858	
1.16889	
1.16972	
1.16989	
1.17075	
1.17089	
1.17161	
1.17189	
1.17274	
1.17289	
1.17367	
1.17389	
1.1746	
1.17489	
1.17574	
1.17589	
1.17663	
1.17689	
1.1776	
1.17789	
1.17875	
1.17889	
1.17958	
1.17989	
1.18061	
1.18089	
1.18176	
1.18189	
1.18254	
1.18289	
1.18361	
1.18389	
1.18477	
1.18489	
1.1855	
1.18589	
1.18662	
1.18689	
1.18778	
1.18789	
1.18847	
1.18889	
1.18962	
1.18989	
1.19078	
1.19089	
1.19145	
1.19189	
1.19262	
1.19289	
1.19378	
1.19389	
1.19444	
1.19489	
1.19562	
1.19589	
1.19678	
1.19689	
1.19744	
1.19789	
1.19862	
1.19889	
1.19978	
1.19989	
1.20045	
1.20089	
1.20162	
1.20189	
1.20278	
1.20289	
1.20346	
1.20389	
1.20462	
1.20489	
1.20577	
1.20589	
1.20648	
1.20689	
1.20761	
1.20789	
1.20877	
1.20889	
1.20951	
1.20989	
1.21061	
1.21089	
1.21176	
1.21189	
1.21254	
1.21289	
1.2136	
1.21389	
1.21476	
1.21489	
1.21557	
1.21589	
1.2166	
1.21689	
1.21775	
1.21789	
1.2186	
1.21889	
1.21959	
1.21989	
1.22074	
1.22089	
1.22164	
1.22189	
1.22259	
1.22289	
1.22374	
1.22389	
1.22468	
1.22489	
1.22558	
1.22589	
1.22673	
1.22689	
1.22771	
1.22789	
1.22858	
1.22889	
1.22972	
1.22989	
1.23074	
1.23089	
1.23164	
1.23189	
1.23273	
1.23289	
1.23371	
1.23389	
1.23457	
1.23489	
1.23571	
1.23589	
1.23689	
1.23756	
1.23789	
1.2387	
1.23889	
1.23989	
1.24056	
1.24089	
1.24169	
1.24189	
1.24289	
1.24355	
1.24389	
1.24468	
1.24489	
1.24589	
1.24654	
1.24689	
1.24766	
1.24789	
1.24889	
1.24953	
1.24989	
1.25065	
1.25089	
1.25189	
1.25252	
1.25289	
1.25363	
1.25389	
1.25489	
1.25551	
1.25589	
1.25662	
1.25689	
1.25789	
1.2585	
1.25889	
1.25961	
1.25989	
1.26089	
1.26149	
1.26189	
1.2626	
1.26289	
1.26389	
1.26448	
1.26489	
1.26559	
1.26589	
1.26689	
1.26748	
1.26789	
1.26858	
1.26889	
1.26989	
1.27047	
1.27089	
1.27157	
1.27189	
1.27289	
1.27347	
1.27389	
1.27456	
1.27489	
1.27589	
1.27646	
1.27689	
1.27756	
1.27789	
1.27889	
1.27946	
1.27989	
1.28055	
1.28089	
1.28189	
1.28245	
1.28289	
1.28354	
1.28389	
1.28489	
1.28545	
1.28589	
1.28654	
1.28689	
1.28789	
1.28844	
1.28889	
1.28953	
1.28989	
1.29089	
1.29144	
1.29189	
1.29252	
1.29289	
1.29389	
1.29443	
1.29489	
1.29552	
1.29589	
1.29689	
1.29743	
1.29789	
1.29851	
1.29889	
1.29989	
1.30042	
1.30089	
1.3015	
1.30189	
1.30289	
1.30341	
1.30389	
1.30449	
1.30489	
1.30589	
1.30641	
1.30689	
1.30749	
1.30789	
1.30889	
1.3094	
1.30989	
1.31048	
1.31089	
1.31189	
1.3124	
1.31289	
1.31347	
1.31389	
1.31489	
1.3154	
1.31589	
1.31647	
1.31689	
1.31789	
1.3184	
1.31889	
1.31947	
1.31989	
1.32089	
1.3214	
1.32189	
1.32247	
1.32289	
1.32389	
1.3244	
1.32489	
1.32547	
1.32589	
1.32689	
1.32739	
1.32789	
1.32847	
1.32889	
1.32989	
1.33039	
1.33089	
1.33147	
1.33189	
1.33289	
1.33339	
1.33389	
1.33447	
1.33489	
1.33589	
1.33639	
1.33689	
1.33747	
1.33789	
1.33889	
1.33939	
1.33989	
1.34046	
1.34089	
1.34189	
1.34238	
1.34289	
1.34345	
1.34389	
1.34489	
1.34538	
1.34589	
1.34644	
1.34689	
1.34789	
1.34837	
1.34884	
1.34884	
1.34884	
1.34884	
1.34884	
1.34884	
1.34884	
1.34885	
1.34887	
1.34895	
1.34907	
1.34923	
1.34942	
1.34966	
1.34984	
1.35016	
1.35065	
1.35084	
1.35143	
1.35184	
1.35218	
1.35251	
1.35284	
1.35324	
1.35384	
1.35447	
1.35484	
1.35526	
1.35567	
1.35584	
1.35636	
1.35684	
1.35764	
1.35784	
1.35827	
1.35869	
1.35884	
1.35938	
1.35984	
1.36066	
1.36084	
1.36127	
1.3617	
1.36184	
1.36238	
1.36284	
1.36366	
1.36384	
1.36428	
1.36471	
1.36484	
1.36539	
1.36584	
1.36668	
1.36684	
1.36728	
1.36772	
1.36784	
1.36839	
1.36884	
1.36968	
1.36984	
1.37027	
1.3707	
1.37084	
1.37138	
1.37184	
1.37266	
1.37284	
1.37327	
1.37369	
1.37384	
1.37437	
1.37484	
1.37566	
1.37584	
1.37627	
1.37669	
1.37684	
1.37738	
1.37784	
1.37866	
1.37884	
1.37927	
1.3797	
1.37984	
1.38038	
1.38084	
1.38167	
1.38184	
1.38228	
1.38272	
1.38284	
1.38339	
1.38384	
1.38468	
1.38484	
1.38529	
1.38573	
1.38584	
1.38638	
1.38684	
1.38769	
1.38784	
1.3883	
1.38876	
1.38884	
1.38927	
1.38984	
1.39069	
1.39084	
1.39131	
1.39177	
1.39184	
1.39218	
1.39284	
1.39368	
1.39384	
1.39432	
1.39484	
1.39538	
1.39584	
1.39684	
1.39733	
1.39784	
1.39839	
1.39884	
1.39984	
1.40034	
1.40084	
1.40141	
1.40184	
1.40284	
1.40336	
1.40384	
1.40444	
1.40484	
1.40584	
1.40638	
1.40684	
1.40746	
1.40784	
1.40884	
1.40941	
1.40984	
1.4105	
1.41084	
1.41184	
1.41244	
1.41284	
1.41355	
1.41384	
1.41484	
1.41548	
1.41584	
1.41661	
1.41684	
1.41784	
1.4185	
1.41884	
1.41962	
1.41984	
1.42084	
1.42151	
1.42184	
1.42264	
1.42284	
1.42384	
1.42453	
1.42484	
1.42567	
1.42584	
1.42672	
1.42684	
1.42746	
1.42784	
1.42859	
1.42884	
1.42984	
1.43043	
1.43084	
1.43154	
1.43184	
1.43284	
1.4334	
1.43384	
1.4345	
1.43484	
1.43584	
1.43638	
1.43684	
1.43747	
1.43784	
1.43884	
1.43937	
1.43984	
1.44045	
1.44084	
1.44184	
1.44236	
1.44284	
1.44344	
1.44384	
1.44484	
1.44535	
1.44584	
1.44643	
1.44684	
1.44784	
1.44834	
1.44884	
1.44942	
1.44984	
1.45084	
1.45134	
1.45184	
1.45241	
1.45284	
1.45384	
1.45434	
1.45484	
1.45541	
1.45584	
1.45684	
1.45734	
1.45784	
1.45841	
1.45884	
1.45984	
1.46034	
1.46084	
1.46141	
1.46184	
1.46284	
1.46334	
1.46384	
1.46441	
1.46484	
1.46584	
1.46634	
1.46684	
1.46741	
1.46784	
1.46884	
1.46934	
1.46984	
1.47042	
1.47084	
1.47184	
1.47235	
1.47284	
1.47342	
1.47384	
1.47484	
1.47536	
1.47584	
1.47643	
1.47684	
1.47784	
1.47836	
1.47884	
1.47944	
1.47984	
1.48084	
1.48137	
1.48184	
1.48245	
1.48284	
1.48384	
1.48438	
1.48484	
1.48547	
1.48584	
1.48684	
1.48739	
1.48784	
1.48848	
1.48884	
1.48984	
1.49041	
1.49084	
1.4915	
1.49184	
1.49284	
1.49342	
1.49384	
1.49453	
1.49484	
1.49584	
1.49644	
1.49684	
1.49755	
1.49784	
1.49884	
1.49947	
1.49984	
1.50059	
1.50084	
1.50184	
1.5025	
1.50284	
1.50363	
1.50384	
1.50484	
1.50553	
1.50584	
1.50667	
1.50684	
1.50771	
1.50784	
1.50848	
1.50884	
1.50967	
1.50984	
1.51072	
1.51084	
1.51146	
1.51184	
1.51267	
1.51284	
1.51369	
1.51384	
1.51458	
1.51484	
1.51571	
1.51584	
1.51651	
1.51684	
1.51756	
1.51784	
1.51871	
1.51884	
1.5195	
1.51984	
1.52056	
1.52084	
1.52172	
1.52184	
1.52247	
1.52284	
1.52356	
1.52384	
1.52472	
1.52484	
1.52545	
1.52584	
1.52656	
1.52684	
1.52772	
1.52784	
1.52845	
1.52884	
1.52956	
1.52984	
1.53072	
1.53084	
1.53145	
1.53184	
1.53256	
1.53284	
1.53372	
1.53384	
1.53446	
1.53484	
1.53556	
1.53584	
1.53672	
1.53684	
1.53746	
1.53784	
1.53856	
1.53884	
1.53972	
1.53984	
1.54047	
1.54084	
1.54156	
1.54184	
1.54271	
1.54284	
1.54348	
1.54384	
1.54456	
1.54484	
1.54571	
1.54584	
1.54649	
1.54684	
1.54756	
1.54784	
1.54871	
1.54884	
1.54949	
1.54984	
1.55055	
1.55084	
1.55171	
1.55184	
1.55251	
1.55284	
1.55355	
1.55384	
1.5547	
1.55484	
1.55554	
1.55584	
1.55655	
1.55684	
1.55769	
1.55784	
1.55858	
1.55884	
1.55954	
1.55984	
1.56069	
1.56084	
1.56161	
1.56184	
1.56254	
1.56284	
1.56368	
1.56384	
1.56465	
1.56484	
1.56553	
1.56584	
1.56667	
1.56684	
1.56768	
1.56784	
1.56863	
1.56884	
1.56969	
1.56984	
1.5706	
1.57084	
1.57152	
1.57184	
1.57266	
1.57284	
1.57384	
1.57452	
1.57484	
1.57565	
1.57584	
1.57684	
1.57751	
1.57784	
1.57865	
1.57884	
1.57984	
1.58051	
1.58084	
1.58164	
1.58184	
1.58284	
1.58349	
1.58384	
1.58462	
1.58484	
1.58584	
1.58648	
1.58684	
1.5876	
1.58784	
1.58884	
1.58947	
1.58984	
1.59058	
1.59084	
1.59184	
1.59246	
1.59284	
1.59357	
1.59384	
1.59484	
1.59545	
1.59584	
1.59656	
1.59684	
1.59784	
1.59844	
1.59884	
1.59955	
1.59984	
1.60084	
1.60143	
1.60184	
1.60254	
1.60284	
1.60384	
1.60443	
1.60484	
1.60553	
1.60584	
1.60684	
1.60742	
1.60784	
1.60852	
1.60884	
1.60984	
1.61042	
1.61084	
1.61151	
1.61184	
1.61284	
1.61341	
1.61384	
1.61451	
1.61484	
1.61584	
1.6164	
1.61684	
1.6175	
1.61784	
1.61884	
1.6194	
1.61984	
1.62049	
1.62084	
1.62184	
1.62239	
1.62284	
1.62348	
1.62384	
1.62484	
1.62539	
1.62584	
1.62648	
1.62684	
1.62784	
1.62838	
1.62884	
1.62947	
1.62984	
1.63084	
1.63138	
1.63184	
1.63246	
1.63284	
1.63384	
1.63437	
1.63484	
1.63546	
1.63584	
1.63684	
1.63737	
1.63784	
1.63845	
1.63884	
1.63984	
1.64036	
1.64084	
1.64144	
1.64184	
1.64284	
1.64336	
1.64384	
1.64443	
1.64484	
1.64584	
1.64635	
1.64684	
1.64743	
1.64784	
1.64884	
1.64934	
1.64984	
1.65042	
1.65084	
1.65184	
1.65234	
1.65284	
1.65342	
1.65384	
1.65484	
1.65534	
1.65584	
1.65642	
1.65684	
1.65784	
1.65834	
1.65884	
1.65942	
1.65984	
1.66084	
1.66134	
1.66184	
1.66242	
1.66284	
1.66384	
1.66434	
1.66484	
1.66542	
1.66584	
1.66684	
1.66734	
1.66784	
1.66842	
1.66884	
1.66984	
1.67034	
1.67084	
1.67142	
1.67184	
1.67284	
1.67334	
1.67384	
1.67442	
1.67484	
1.67584	
1.67634	
1.67684	
1.67742	
1.67784	
1.67884	
1.67933	
1.67984	
1.68041	
1.68084	
1.68184	
1.68233	
1.68284	
1.68339	
1.68384	
1.68484	
1.68532	
1.68584	
