0	
2.68281e-09	
1.60969e-08	
8.31671e-08	
4.18519e-07	
2.09528e-06	
1.04791e-05	
5.2398e-05	
0.000140946	
0.000272342	
0.000444324	
0.000637944	
0.000838001	
0.001	
0.00121699	
0.00153128	
0.00189123	
0.002	
0.00247336	
0.003	
0.00327393	
0.00354786	
0.00384001	
0.004	
0.00435679	
0.00486277	
0.005	
0.00561524	
0.006	
0.00629122	
0.00658244	
0.00687203	
0.007	
0.00736964	
0.00789716	
0.008	
0.00851418	
0.009	
0.00933723	
0.00967447	
0.01	
0.0104045	
0.011	
0.0116311	
0.012	
0.0123526	
0.0127052	
0.013	
0.0134274	
0.014	
0.0146634	
0.015	
0.0153622	
0.0157244	
0.016	
0.0164413	
0.017	
0.0176835	
0.018	
0.0183765	
0.018753	
0.019	
0.0194624	
0.02	
0.020714	
0.021	
0.0213908	
0.0217816	
0.022	
0.0224838	
0.023	
0.0237448	
0.024	
0.0244033	
0.0248066	
0.025	
0.0255027	
0.026	
0.026772	
0.027	
0.0274159	
0.0278318	
0.028	
0.0285221	
0.029	
0.0297999	
0.03	
0.0304296	
0.0308592	
0.031	
0.0315434	
0.032	
0.0328307	
0.033	
0.0334482	
0.0338965	
0.034	
0.0345177	
0.035	
0.0358525	
0.036	
0.0364675	
0.0369349	
0.037	
0.0373255	
0.038	
0.0388374	
0.039	
0.0394837	
0.04	
0.0405453	
0.041	
0.042	
0.0424993	
0.043	
0.0435718	
0.044	
0.045	
0.0455155	
0.046	
0.046593	
0.047	
0.048	
0.0485201	
0.049	
0.0495991	
0.05	
0.051	
0.0515254	
0.052	
0.0526061	
0.053	
0.054	
0.0545326	
0.055	
0.0556156	
0.056	
0.057	
0.0575422	
0.058	
0.0586284	
0.059	
0.06	
0.0605548	
0.061	
0.0616453	
0.062	
0.063	
0.0635709	
0.064	
0.0646669	
0.065	
0.066	
0.0665913	
0.067	
0.0676947	
0.068	
0.069	
0.069569	
0.07	
0.0706642	
0.071	
0.072	
0.0725535	
0.073	
0.0736434	
0.074	
0.075	
0.0755443	
0.076	
0.076631	
0.077	
0.078	
0.0785396	
0.079	
0.0796247	
0.08	
0.081	
0.0815384	
0.082	
0.0826233	
0.083	
0.084	
0.0845404	
0.085	
0.0856259	
0.086	
0.087	
0.0875453	
0.088	
0.0886324	
0.089	
0.09	
0.090553	
0.091	
0.0916427	
0.092	
0.093	
0.0935637	
0.094	
0.094657	
0.095	
0.096	
0.0965775	
0.097	
0.0976757	
0.098	
0.099	
0.099595	
0.1	
0.1007	
0.101	
0.102	
0.102617	
0.103	
0.103729	
0.104	
0.105	
0.105644	
0.106	
0.106767	
0.107	
0.108	
0.108677	
0.109	
0.109814	
0.11	
0.111	
0.111684	
0.112	
0.112824	
0.113	
0.113879	
0.114	
0.114603	
0.115	
0.115817	
0.116	
0.117	
0.117704	
0.118	
0.118853	
0.119	
0.119734	
0.12	
0.120717	
0.121	
0.121871	
0.122	
0.122644	
0.123	
0.123729	
0.124	
0.12489	
0.125	
0.125551	
0.126	
0.126741	
0.127	
0.127907	
0.128	
0.128463	
0.129	
0.129751	
0.13	
0.131	
0.132	
0.132755	
0.133	
0.134	
0.135	
0.135746	
0.136	
0.137	
0.138	
0.138737	
0.139	
0.139901	
0.14	
0.140494	
0.141	
0.141729	
0.142	
0.14289	
0.143	
0.143551	
0.144	
0.144722	
0.145	
0.14588	
0.146	
0.146601	
0.147	
0.147716	
0.148	
0.148871	
0.149	
0.149644	
0.15	
0.150704	
0.151	
0.151853	
0.152	
0.152733	
0.153	
0.153683	
0.154	
0.154823	
0.155	
0.155883	
0.156	
0.156585	
0.157	
0.157782	
0.158	
0.159	
0.159655	
0.16	
0.160783	
0.161	
0.162	
0.162646	
0.163	
0.16377	
0.164	
0.165	
0.165639	
0.166	
0.16676	
0.167	
0.168	
0.168634	
0.169	
0.169754	
0.17	
0.171	
0.171632	
0.172	
0.17275	
0.173	
0.174	
0.174631	
0.175	
0.175749	
0.176	
0.177	
0.17763	
0.178	
0.178747	
0.179	
0.18	
0.180626	
0.181	
0.181742	
0.182	
0.183	
0.183623	
0.184	
0.184739	
0.185	
0.186	
0.186621	
0.187	
0.187736	
0.188	
0.189	
0.18962	
0.19	
0.190734	
0.191	
0.192	
0.192619	
0.193	
0.193733	
0.194	
0.195	
0.195619	
0.196	
0.196733	
0.197	
0.198	
0.198619	
0.199	
0.199733	
0.2	
0.201	
0.201619	
0.202	
0.202733	
0.203	
0.204	
0.20462	
0.205	
0.205733	
0.206	
0.207	
0.20762	
0.208	
0.208734	
0.209	
0.21	
0.21062	
0.211	
0.211734	
0.212	
0.213	
0.213621	
0.214	
0.214735	
0.215	
0.216	
0.216621	
0.217	
0.217735	
0.218	
0.219	
0.219621	
0.22	
0.220735	
0.221	
0.222	
0.22262	
0.223	
0.223734	
0.224	
0.225	
0.22562	
0.226	
0.226733	
0.227	
0.228	
0.228619	
0.229	
0.229732	
0.23	
0.231	
0.231618	
0.232	
0.232731	
0.233	
0.234	
0.234617	
0.235	
0.23573	
0.236	
0.237	
0.237611	
0.238	
0.238722	
0.239	
0.24	
0.240604	
0.241	
0.241712	
0.242	
0.243	
0.243597	
0.244	
0.244702	
0.245	
0.246	
0.24659	
0.247	
0.247693	
0.248	
0.249	
0.249584	
0.25	
0.250684	
0.251	
0.252	
0.252578	
0.253	
0.253676	
0.254	
0.255	
0.255572	
0.256	
0.256668	
0.257	
0.258	
0.258566	
0.259	
0.25966	
0.26	
0.261	
0.26156	
0.262	
0.262652	
0.263	
0.264	
0.264555	
0.265	
0.265645	
0.266	
0.267	
0.267549	
0.268	
0.268638	
0.269	
0.27	
0.270544	
0.271	
0.271631	
0.272	
0.273	
0.273539	
0.274	
0.274624	
0.275	
0.276	
0.276534	
0.277	
0.277618	
0.278	
0.279	
0.279529	
0.28	
0.280611	
0.281	
0.282	
0.282524	
0.283	
0.283604	
0.284	
0.285	
0.285519	
0.286	
0.286597	
0.287	
0.288	
0.288514	
0.289	
0.289591	
0.29	
0.291	
0.291509	
0.292	
0.292584	
0.293	
0.294	
0.294504	
0.295	
0.295577	
0.296	
0.297	
0.297498	
0.298	
0.298571	
0.299	
0.3	
0.300493	
0.301	
0.301564	
0.302	
0.303	
0.303488	
0.304	
0.304557	
0.305	
0.306	
0.306488	
0.307	
0.307556	
0.308	
0.309	
0.309489	
0.31	
0.310558	
0.311	
0.312	
0.312487	
0.313	
0.313556	
0.314	
0.315	
0.315481	
0.316	
0.316548	
0.317	
0.318	
0.318475	
0.318949	
0.319	
0.319253	
0.32	
0.320848	
0.321	
0.321476	
0.322	
0.322533	
0.323	
0.323903	
0.324	
0.324485	
0.325	
0.325527	
0.326	
0.326889	
0.327	
0.327556	
0.328	
0.328534	
0.329	
0.329887	
0.33	
0.330567	
0.331	
0.331537	
0.332	
0.332891	
0.333	
0.333546	
0.334	
0.334536	
0.334536	
0.334536	
0.334536	
0.334536	
0.334536	
0.334537	
0.334544	
0.334576	
0.334656	
0.334779	
0.334943	
0.335146	
0.33539	
0.335536	
0.335855	
0.33635	
0.336536	
0.337129	
0.337536	
0.337863	
0.338189	
0.338536	
0.338926	
0.339536	
0.340149	
0.340536	
0.340834	
0.341132	
0.341465	
0.341536	
0.341891	
0.342412	
0.342536	
0.343157	
0.343536	
0.343848	
0.344161	
0.344536	
0.344904	
0.345448	
0.345536	
0.345977	
0.346536	
0.346849	
0.347162	
0.347501	
0.347536	
0.347712	
0.348268	
0.348536	
0.349179	
0.349536	
0.349865	
0.350195	
0.350536	
0.35093	
0.351536	
0.352151	
0.352536	
0.352887	
0.353238	
0.353536	
0.353961	
0.354536	
0.355196	
0.355536	
0.355908	
0.35628	
0.356536	
0.356992	
0.357536	
0.358241	
0.358536	
0.358925	
0.359313	
0.359536	
0.360017	
0.360536	
0.361276	
0.361536	
0.361939	
0.362343	
0.362536	
0.363039	
0.363536	
0.364308	
0.364536	
0.364955	
0.365374	
0.365536	
0.366063	
0.366536	
0.367343	
0.367536	
0.367971	
0.368407	
0.368536	
0.369089	
0.369536	
0.37038	
0.370536	
0.370995	
0.371453	
0.371536	
0.371948	
0.372536	
0.37338	
0.373536	
0.374015	
0.374536	
0.375074	
0.375536	
0.376536	
0.377031	
0.377536	
0.378102	
0.378536	
0.379536	
0.38006	
0.380536	
0.381141	
0.381536	
0.382536	
0.383101	
0.383536	
0.384195	
0.384536	
0.385536	
0.386138	
0.386536	
0.387246	
0.387536	
0.388536	
0.389145	
0.389536	
0.390255	
0.390536	
0.391536	
0.392155	
0.392536	
0.393268	
0.393536	
0.394536	
0.395166	
0.395536	
0.396284	
0.396536	
0.397536	
0.398114	
0.398536	
0.399212	
0.399536	
0.400536	
0.401085	
0.401536	
0.402173	
0.402536	
0.403536	
0.404067	
0.404536	
0.405149	
0.405536	
0.406536	
0.407055	
0.407536	
0.408134	
0.408536	
0.409536	
0.410049	
0.410536	
0.411126	
0.411536	
0.412536	
0.413046	
0.413536	
0.414122	
0.414536	
0.415536	
0.416046	
0.416536	
0.417122	
0.417536	
0.418536	
0.419049	
0.419536	
0.420126	
0.420536	
0.421536	
0.422054	
0.422536	
0.423132	
0.423536	
0.424536	
0.425061	
0.425536	
0.426142	
0.426536	
0.427536	
0.428071	
0.428536	
0.429155	
0.429536	
0.430536	
0.431084	
0.431536	
0.432172	
0.432536	
0.433536	
0.434099	
0.434536	
0.435193	
0.435536	
0.436536	
0.437118	
0.437536	
0.438218	
0.438536	
0.439536	
0.44014	
0.440536	
0.441248	
0.441536	
0.442536	
0.443166	
0.443536	
0.444284	
0.444536	
0.445536	
0.446196	
0.446536	
0.447326	
0.447536	
0.448536	
0.449231	
0.449536	
0.450376	
0.450536	
0.451337	
0.451536	
0.452268	
0.452536	
0.45343	
0.453536	
0.454064	
0.454536	
0.455281	
0.455536	
0.456536	
0.457536	
0.458278	
0.458536	
0.459445	
0.459536	
0.459991	
0.460536	
0.461272	
0.461536	
0.462436	
0.462536	
0.463037	
0.463536	
0.464263	
0.464536	
0.465423	
0.465536	
0.466098	
0.466536	
0.467254	
0.467536	
0.46841	
0.468536	
0.469167	
0.469536	
0.470244	
0.470536	
0.471396	
0.471536	
0.472237	
0.472536	
0.473235	
0.473536	
0.474382	
0.474536	
0.475304	
0.475536	
0.476227	
0.476536	
0.47737	
0.477536	
0.478365	
0.478536	
0.479391	
0.479536	
0.480262	
0.480536	
0.481536	
0.482213	
0.482536	
0.483351	
0.483536	
0.484536	
0.485203	
0.485536	
0.486335	
0.486536	
0.487536	
0.48819	
0.488536	
0.489317	
0.489536	
0.490536	
0.49118	
0.491536	
0.492304	
0.492536	
0.493536	
0.494173	
0.494536	
0.495294	
0.495536	
0.496536	
0.497168	
0.497536	
0.498287	
0.498536	
0.499536	
0.500166	
0.500536	
0.501284	
0.501536	
0.502536	
0.503165	
0.503536	
0.504283	
0.504536	
0.505536	
0.506166	
0.506536	
0.507284	
0.507536	
0.508536	
0.509169	
0.509536	
0.510288	
0.510536	
0.511536	
0.512173	
0.512536	
0.513294	
0.513536	
0.514536	
0.515178	
0.515536	
0.516301	
0.516536	
0.517536	
0.518185	
0.518536	
0.51931	
0.519536	
0.520536	
0.521193	
0.521536	
0.522321	
0.522536	
0.523536	
0.524201	
0.524536	
0.525333	
0.525536	
0.526536	
0.527209	
0.527536	
0.528345	
0.528536	
0.529536	
0.530217	
0.530536	
0.531357	
0.531536	
0.532432	
0.532536	
0.533054	
0.533536	
0.534328	
0.534536	
0.535536	
0.536225	
0.536536	
0.537367	
0.537536	
0.538379	
0.538536	
0.539321	
0.539536	
0.540389	
0.540536	
0.541269	
0.541536	
0.542223	
0.542536	
0.543365	
0.543536	
0.544389	
0.544536	
0.545269	
0.545536	
0.546373	
0.546536	
0.547348	
0.547536	
0.548219	
0.548536	
0.549359	
0.549536	
0.55042	
0.550536	
0.551116	
0.551536	
0.552332	
0.552536	
0.553536	
0.554213	
0.554536	
0.55535	
0.555536	
0.556536	
0.557209	
0.557536	
0.558344	
0.558536	
0.559536	
0.560205	
0.560536	
0.561338	
0.561536	
0.562536	
0.5632	
0.563536	
0.564332	
0.564536	
0.565536	
0.566194	
0.566536	
0.567324	
0.567536	
0.568536	
0.569185	
0.569536	
0.57031	
0.570536	
0.571536	
0.572176	
0.572536	
0.573297	
0.573536	
0.574536	
0.575167	
0.575536	
0.576285	
0.576536	
0.577536	
0.578158	
0.578536	
0.579273	
0.579536	
0.580536	
0.58115	
0.581536	
0.582261	
0.582536	
0.583536	
0.584142	
0.584536	
0.58525	
0.585536	
0.586536	
0.587134	
0.587536	
0.58824	
0.588536	
0.589536	
0.590127	
0.590536	
0.59123	
0.591536	
0.592536	
0.59312	
0.593536	
0.59422	
0.594536	
0.595536	
0.596113	
0.596536	
0.597211	
0.597536	
0.598536	
0.599106	
0.599536	
0.600202	
0.600536	
0.601536	
0.6021	
0.602536	
0.603193	
0.603536	
0.604536	
0.605093	
0.605536	
0.606184	
0.606536	
0.607536	
0.608087	
0.608536	
0.609176	
0.609536	
0.610536	
0.611081	
0.611536	
0.612167	
0.612536	
0.613536	
0.614074	
0.614536	
0.615159	
0.615536	
0.616536	
0.617068	
0.617536	
0.618151	
0.618536	
0.619536	
0.620062	
0.620536	
0.621143	
0.621536	
0.622536	
0.623056	
0.623536	
0.624135	
0.624536	
0.625536	
0.62605	
0.626536	
0.627127	
0.627536	
0.628536	
0.629044	
0.629536	
0.630119	
0.630536	
0.631536	
0.632038	
0.632536	
0.633111	
0.633536	
0.634536	
0.635033	
0.635536	
0.636105	
0.636536	
0.637536	
0.638033	
0.638536	
0.639105	
0.639536	
0.640536	
0.641033	
0.641536	
0.642105	
0.642536	
0.643536	
0.644034	
0.644536	
0.645106	
0.645536	
0.646536	
0.647034	
0.647536	
0.648106	
0.648536	
0.649536	
0.650034	
0.650536	
0.651106	
0.651536	
0.652536	
0.653034	
0.653536	
0.654106	
0.654536	
0.655536	
0.656027	
0.656536	
0.657097	
0.657536	
0.658536	
0.65902	
0.659536	
0.660088	
0.660536	
0.661536	
0.662012	
0.662488	
0.662536	
0.662775	
0.663536	
0.664383	
0.664536	
0.665012	
0.665488	
0.665536	
0.665775	
0.666536	
0.667369	
0.667536	
0.668007	
0.668477	
0.668477	
0.668477	
0.668477	
0.668477	
0.668477	
0.668479	
0.668485	
0.668518	
0.668599	
0.668723	
0.668888	
0.669092	
0.669337	
0.669477	
0.669796	
0.670292	
0.670477	
0.671072	
0.671477	
0.671767	
0.672056	
0.672375	
0.672477	
0.672843	
0.673349	
0.673477	
0.674117	
0.674477	
0.674735	
0.674993	
0.67528	
0.675477	
0.675799	
0.676251	
0.676477	
0.677009	
0.677477	
0.677783	
0.67809	
0.678421	
0.678477	
0.678759	
0.679304	
0.679477	
0.680129	
0.680477	
0.680813	
0.68115	
0.681477	
0.681881	
0.682477	
0.683106	
0.683477	
0.683817	
0.684158	
0.684477	
0.684887	
0.685477	
0.686114	
0.686477	
0.686835	
0.687193	
0.687477	
0.687912	
0.688477	
0.689152	
0.689477	
0.689855	
0.690233	
0.690477	
0.690942	
0.691477	
0.692194	
0.692477	
0.69287	
0.693264	
0.693477	
0.693965	
0.694477	
0.695227	
0.695477	
0.695884	
0.696291	
0.696477	
0.696985	
0.697477	
0.698257	
0.698477	
0.698899	
0.699321	
0.699477	
0.700009	
0.700477	
0.701291	
0.701477	
0.701916	
0.702354	
0.702477	
0.703034	
0.703477	
0.704328	
0.704477	
0.70494	
0.705402	
0.705477	
0.705853	
0.706477	
0.707318	
0.707477	
0.707958	
0.708477	
0.709018	
0.709477	
0.710477	
0.710975	
0.711477	
0.712047	
0.712477	
0.713477	
0.714004	
0.714477	
0.715085	
0.715477	
0.716477	
0.717045	
0.717477	
0.718139	
0.718477	
0.719477	
0.720085	
0.720477	
0.721195	
0.721477	
0.722477	
0.723092	
0.723477	
0.724204	
0.724477	
0.725477	
0.7261	
0.726477	
0.727216	
0.727477	
0.728477	
0.729111	
0.729477	
0.73023	
0.730477	
0.731477	
0.732058	
0.732477	
0.733157	
0.733477	
0.734477	
0.735028	
0.735477	
0.736117	
0.736477	
0.737477	
0.73801	
0.738477	
0.739093	
0.739477	
0.740477	
0.740998	
0.741477	
0.742077	
0.742477	
0.743477	
0.743991	
0.744477	
0.745069	
0.745477	
0.746477	
0.746988	
0.747477	
0.748064	
0.748477	
0.749477	
0.749988	
0.750477	
0.751064	
0.751477	
0.752477	
0.75299	
0.753477	
0.754067	
0.754477	
0.755477	
0.755995	
0.756477	
0.757074	
0.757477	
0.758477	
0.759002	
0.759477	
0.760083	
0.760477	
0.761477	
0.762012	
0.762477	
0.763095	
0.763477	
0.764477	
0.765024	
0.765477	
0.766111	
0.766477	
0.767477	
0.768038	
0.768477	
0.769131	
0.769477	
0.770477	
0.771056	
0.771477	
0.772154	
0.772477	
0.773477	
0.774076	
0.774477	
0.775183	
0.775477	
0.776477	
0.777101	
0.777477	
0.778216	
0.778477	
0.779477	
0.780128	
0.780477	
0.781255	
0.781477	
0.782477	
0.783159	
0.783477	
0.784298	
0.784477	
0.78537	
0.785477	
0.786011	
0.786477	
0.787304	
0.787477	
0.788343	
0.788477	
0.78915	
0.789477	
0.790361	
0.790477	
0.791058	
0.791477	
0.79221	
0.792477	
0.793373	
0.793477	
0.794	
0.794477	
0.795205	
0.795477	
0.796365	
0.796477	
0.797038	
0.797477	
0.798198	
0.798477	
0.799354	
0.799477	
0.80009	
0.800477	
0.80119	
0.801477	
0.802343	
0.802477	
0.80315	
0.803477	
0.804181	
0.804477	
0.80533	
0.805477	
0.806211	
0.806477	
0.807173	
0.807477	
0.808319	
0.808477	
0.80927	
0.809477	
0.810165	
0.810477	
0.811308	
0.811477	
0.812325	
0.812477	
0.81324	
0.813477	
0.814317	
0.814477	
0.81528	
0.815477	
0.816153	
0.816477	
0.81729	
0.817477	
0.818477	
0.819144	
0.819477	
0.820277	
0.820477	
0.821477	
0.822132	
0.822477	
0.82326	
0.823477	
0.824477	
0.825123	
0.825477	
0.826247	
0.826477	
0.827477	
0.828116	
0.828477	
0.829237	
0.829477	
0.830477	
0.831111	
0.831477	
0.832231	
0.832477	
0.833477	
0.834109	
0.834477	
0.835227	
0.835477	
0.836477	
0.837108	
0.837477	
0.838226	
0.838477	
0.839477	
0.840109	
0.840477	
0.841227	
0.841477	
0.842477	
0.843111	
0.843477	
0.844231	
0.844477	
0.845477	
0.846115	
0.846477	
0.847236	
0.847477	
0.848477	
0.84912	
0.849477	
0.850244	
0.850477	
0.851477	
0.852127	
0.852477	
0.853252	
0.853477	
0.854477	
0.855134	
0.855477	
0.856262	
0.856477	
0.857477	
0.858141	
0.858477	
0.859273	
0.859477	
0.860477	
0.861149	
0.861477	
0.862284	
0.862477	
0.863477	
0.864157	
0.864477	
0.865295	
0.865477	
0.866477	
0.867161	
0.867477	
0.868302	
0.868477	
0.869355	
0.869477	
0.870088	
0.870477	
0.871285	
0.871477	
0.872477	
0.873161	
0.873477	
0.874301	
0.874477	
0.875357	
0.875477	
0.876077	
0.876477	
0.877281	
0.877477	
0.878477	
0.879158	
0.879477	
0.880297	
0.880477	
0.881379	
0.881477	
0.88197	
0.882477	
0.883253	
0.883477	
0.884477	
0.885153	
0.885477	
0.886289	
0.886477	
0.887477	
0.888149	
0.888477	
0.889285	
0.889477	
0.890477	
0.891146	
0.891477	
0.892279	
0.892477	
0.893477	
0.894142	
0.894477	
0.895274	
0.895477	
0.896477	
0.897137	
0.897477	
0.898268	
0.898477	
0.899477	
0.900129	
0.900477	
0.901256	
0.901477	
0.902477	
0.90312	
0.903477	
0.904243	
0.904477	
0.905477	
0.90611	
0.906477	
0.90723	
0.907477	
0.908477	
0.909101	
0.909477	
0.910217	
0.910477	
0.911477	
0.912093	
0.912477	
0.913205	
0.913477	
0.914477	
0.915084	
0.915477	
0.916193	
0.916477	
0.917477	
0.918076	
0.918477	
0.919182	
0.919477	
0.920477	
0.921069	
0.921477	
0.922172	
0.922477	
0.923477	
0.924061	
0.924477	
0.925162	
0.925477	
0.926477	
0.927054	
0.927477	
0.928152	
0.928477	
0.929477	
0.930047	
0.930477	
0.931143	
0.931477	
0.932477	
0.93304	
0.933477	
0.934134	
0.934477	
0.935477	
0.936034	
0.936477	
0.937125	
0.937477	
0.938477	
0.939027	
0.939477	
0.940116	
0.940477	
0.941477	
0.942021	
0.942477	
0.943108	
0.943477	
0.944477	
0.945015	
0.945477	
0.946099	
0.946477	
0.947477	
0.948009	
0.948477	
0.949091	
0.949477	
0.950477	
0.951002	
0.951477	
0.952083	
0.952477	
0.953477	
0.953996	
0.954477	
0.955075	
0.955477	
0.956477	
0.95699	
0.957477	
0.958067	
0.958477	
0.959477	
0.959984	
0.960477	
0.961059	
0.961477	
0.962477	
0.962978	
0.963477	
0.964051	
0.964477	
0.965477	
0.965974	
0.966477	
0.967045	
0.967477	
0.968477	
0.968974	
0.969477	
0.970046	
0.970477	
0.971477	
0.971974	
0.972477	
0.973046	
0.973477	
0.974477	
0.974974	
0.975477	
0.976046	
0.976477	
0.977477	
0.977974	
0.978477	
0.979046	
0.979477	
0.980477	
0.980974	
0.981477	
0.982046	
0.982477	
0.983477	
0.983975	
0.984477	
0.985046	
0.985477	
0.986477	
0.986973	
0.987477	
0.988045	
0.988477	
0.989477	
0.989966	
0.990477	
0.991036	
0.991477	
0.992477	
0.992959	
0.993477	
0.994026	
0.994477	
0.995477	
0.995951	
0.996425	
0.996477	
0.996739	
0.997477	
0.998326	
0.998477	
0.998951	
0.999425	
0.999477	
0.999737	
1.00048	
1.00131	
1.00148	
1.00195	
1.00242	
1.00242	
1.00242	
1.00242	
1.00242	
1.00242	
1.00242	
1.00243	
1.00246	
1.00254	
1.00267	
1.00283	
1.00304	
1.00328	
1.00342	
1.00374	
1.00423	
1.00442	
1.00501	
1.00542	
1.00574	
1.00606	
1.00642	
1.0068	
1.00736	
1.00742	
1.00772	
1.00842	
1.00867	
1.00892	
1.00918	
1.00942	
1.00974	
1.01019	
1.01042	
1.01096	
1.01142	
1.01174	
1.01207	
1.01242	
1.0128	
1.01342	
1.01402	
1.01442	
1.01477	
1.01511	
1.01542	
1.01584	
1.01642	
1.01707	
1.01742	
1.01776	
1.01811	
1.01842	
1.01884	
1.01942	
1.02007	
1.02042	
1.02078	
1.02114	
1.02142	
1.02186	
1.02242	
1.0231	
1.02342	
1.0238	
1.02418	
1.02442	
1.02489	
1.02542	
1.02614	
1.02642	
1.02681	
1.02721	
1.02742	
1.02791	
1.02842	
1.02917	
1.02942	
1.02983	
1.03024	
1.03042	
1.03093	
1.03142	
1.0322	
1.03242	
1.03284	
1.03327	
1.03342	
1.03395	
1.03442	
1.03524	
1.03542	
1.03586	
1.0363	
1.03642	
1.03698	
1.03742	
1.03827	
1.03842	
1.03888	
1.03935	
1.03942	
1.03978	
1.04042	
1.04126	
1.04142	
1.0419	
1.04242	
1.04296	
1.04342	
1.04442	
1.04492	
1.04542	
1.04599	
1.04642	
1.04742	
1.04795	
1.04842	
1.04903	
1.04942	
1.05042	
1.05099	
1.05142	
1.05208	
1.05242	
1.05342	
1.05403	
1.05442	
1.05514	
1.05542	
1.05642	
1.05703	
1.05742	
1.05815	
1.05842	
1.05942	
1.06004	
1.06042	
1.06116	
1.06142	
1.06242	
1.06305	
1.06342	
1.06417	
1.06442	
1.06542	
1.066	
1.06642	
1.0671	
1.06742	
1.06842	
1.06897	
1.06942	
1.07006	
1.07042	
1.07142	
1.07195	
1.07242	
1.07304	
1.07342	
1.07442	
1.07494	
1.07542	
1.07602	
1.07642	
1.07742	
1.07793	
1.07842	
1.07901	
1.07942	
1.08042	
1.08093	
1.08142	
1.08201	
1.08242	
1.08342	
1.08393	
1.08442	
1.08501	
1.08542	
1.08642	
1.08693	
1.08742	
1.08801	
1.08842	
1.08942	
1.08994	
1.09042	
1.09102	
1.09142	
1.09242	
1.09294	
1.09342	
1.09402	
1.09442	
1.09542	
1.09595	
1.09642	
1.09704	
1.09742	
1.09842	
1.09896	
1.09942	
1.10005	
1.10042	
1.10142	
1.10198	
1.10242	
1.10307	
1.10342	
1.10442	
1.105	
1.10542	
1.10609	
1.10642	
1.10742	
1.10802	
1.10842	
1.10912	
1.10942	
1.11042	
1.11104	
1.11142	
1.11215	
1.11242	
1.11342	
1.11407	
1.11442	
1.11519	
1.11542	
1.11642	
1.1171	
1.11742	
1.11823	
1.11842	
1.11942	
1.12013	
1.12042	
1.12128	
1.12142	
1.12212	
1.12242	
1.12315	
1.12342	
1.12431	
1.12442	
1.12495	
1.12542	
1.12615	
1.12642	
1.12731	
1.12742	
1.12796	
1.12842	
1.12914	
1.12942	
1.1303	
1.13042	
1.131	
1.13142	
1.13214	
1.13242	
1.13329	
1.13342	
1.13405	
1.13442	
1.13513	
1.13542	
1.13628	
1.13642	
1.1371	
1.13742	
1.13812	
1.13842	
1.13927	
1.13942	
1.14016	
1.14042	
1.14111	
1.14142	
1.14226	
1.14242	
1.14322	
1.14342	
1.14411	
1.14442	
1.14525	
1.14542	
1.14627	
1.14642	
1.14716	
1.14742	
1.14825	
1.14842	
1.14925	
1.14942	
1.15027	
1.15042	
1.15117	
1.15142	
1.15242	
1.15309	
1.15342	
1.15422	
1.15442	
1.15542	
1.15608	
1.15642	
1.1572	
1.15742	
1.15842	
1.15907	
1.15942	
1.16019	
1.16042	
1.16142	
1.16206	
1.16242	
1.16318	
1.16342	
1.16442	
1.16505	
1.16542	
1.16617	
1.16642	
1.16742	
1.16805	
1.16842	
1.16917	
1.16942	
1.17042	
1.17105	
1.17142	
1.17217	
1.17242	
1.17342	
1.17405	
1.17442	
1.17517	
1.17542	
1.17642	
1.17705	
1.17742	
1.17817	
1.17842	
1.17942	
1.18006	
1.18042	
1.18118	
1.18142	
1.18242	
1.18306	
1.18342	
1.18419	
1.18442	
1.18542	
1.18607	
1.18642	
1.1872	
1.18742	
1.18842	
1.18908	
1.18942	
1.1902	
1.19042	
1.19142	
1.19208	
1.19242	
1.19322	
1.19342	
1.19442	
1.19509	
1.19542	
1.19623	
1.19642	
1.19742	
1.1981	
1.19842	
1.19924	
1.19942	
1.20042	
1.2011	
1.20142	
1.20224	
1.20242	
1.20331	
1.20342	
1.20399	
1.20442	
1.20522	
1.20542	
1.20642	
1.2071	
1.20742	
1.20824	
1.20842	
1.20931	
1.20942	
1.20998	
1.21042	
1.21121	
1.21142	
1.21242	
1.2131	
1.21342	
1.21424	
1.21442	
1.21542	
1.2161	
1.21642	
1.21723	
1.21742	
1.21842	
1.21909	
1.21942	
1.22023	
1.22042	
1.22142	
1.22209	
1.22242	
1.22323	
1.22342	
1.22442	
1.22509	
1.22542	
1.22622	
1.22642	
1.22742	
1.22808	
1.22842	
1.22921	
1.22942	
1.23042	
1.23108	
1.23142	
1.23221	
1.23242	
1.23342	
1.23407	
1.23442	
1.2352	
1.23542	
1.23642	
1.23706	
1.23742	
1.23818	
1.23842	
1.23942	
1.24005	
1.24042	
1.24117	
1.24142	
1.24242	
1.24304	
1.24342	
1.24416	
1.24442	
1.24542	
1.24603	
1.24642	
1.24715	
1.24742	
1.24842	
1.24903	
1.24942	
1.25013	
1.25042	
1.25142	
1.25202	
1.25242	
1.25312	
1.25342	
1.25442	
1.25501	
1.25542	
1.25611	
1.25642	
1.25742	
1.258	
1.25842	
1.2591	
1.25942	
1.26042	
1.26099	
1.26142	
1.26209	
1.26242	
1.26342	
1.26399	
1.26442	
1.26508	
1.26542	
1.26642	
1.26698	
1.26742	
1.26807	
1.26842	
1.26942	
1.26997	
1.27042	
1.27106	
1.27142	
1.27242	
1.27297	
1.27342	
1.27406	
1.27442	
1.27542	
1.27596	
1.27642	
1.27705	
1.27742	
1.27842	
1.27896	
1.27942	
1.28004	
1.28042	
1.28142	
1.28195	
1.28242	
1.28303	
1.28342	
1.28442	
1.28494	
1.28542	
1.28602	
1.28642	
1.28742	
1.28794	
1.28842	
1.28901	
1.28942	
1.29042	
1.29093	
1.29142	
1.29201	
1.29242	
1.29342	
1.29392	
1.29442	
1.295	
1.29542	
1.29642	
1.29692	
1.29742	
1.29799	
1.29842	
1.29942	
1.29992	
1.30042	
1.30099	
1.30142	
1.30242	
1.30292	
1.30342	
1.30399	
1.30442	
1.30542	
1.30592	
1.30642	
1.30699	
1.30742	
1.30842	
1.30892	
1.30942	
1.30999	
1.31042	
1.31142	
1.31192	
1.31242	
1.31299	
1.31342	
1.31442	
1.31492	
1.31542	
1.31599	
1.31642	
1.31742	
1.31792	
1.31842	
1.31899	
1.31942	
1.32042	
1.32092	
1.32142	
1.32199	
1.32242	
1.32342	
1.32391	
1.32442	
1.32498	
1.32542	
1.32642	
1.3269	
1.32742	
1.32797	
1.32842	
1.32942	
1.32989	
1.33037	
1.33042	
1.33068	
1.33142	
1.33227	
1.33242	
1.33289	
1.33337	
1.33342	
1.33368	
1.33442	
1.33525	
1.33542	
1.33589	
1.33636	
1.33636	
1.33636	
1.33636	
1.33636	
1.33636	
1.33636	
1.33637	
1.3364	
1.33648	
1.33661	
1.33677	
1.33698	
1.33722	
1.33736	
1.33768	
1.33802	
1.33836	
1.33874	
1.33913	
1.33936	
1.33962	
1.33989	
1.34017	
1.34036	
1.34071	
1.34121	
1.34136	
1.34197	
1.34236	
1.34262	
1.34289	
1.34315	
1.34336	
1.34369	
1.34416	
1.34436	
1.34493	
1.34536	
1.34569	
1.34602	
1.34636	
1.34676	
1.34736	
1.34798	
1.34836	
1.34871	
1.34906	
1.34936	
1.34978	
1.35036	
1.35102	
1.35136	
1.35171	
1.35206	
1.35236	
1.35278	
1.35336	
1.35401	
1.35436	
1.35472	
1.35509	
1.35536	
1.3558	
1.35636	
1.35705	
1.35736	
1.35774	
1.35812	
1.35836	
1.35883	
1.35936	
1.36009	
1.36036	
1.36076	
1.36115	
1.36136	
1.36185	
1.36236	
1.36312	
1.36336	
1.36377	
1.36418	
1.36436	
1.36487	
1.36536	
1.36615	
1.36636	
1.36679	
1.36721	
1.36736	
1.3679	
1.36836	
1.36918	
1.36936	
1.3698	
1.37025	
1.37036	
1.37092	
1.37136	
1.37222	
1.37236	
1.37283	
1.37329	
1.37336	
1.37372	
1.37436	
1.3752	
1.37536	
1.37584	
1.37636	
1.3769	
1.37736	
1.37836	
1.37886	
1.37936	
1.37993	
1.38036	
1.38136	
1.38189	
1.38236	
1.38297	
1.38336	
1.38436	
1.38493	
1.38536	
1.38603	
1.38636	
1.38736	
1.38797	
1.38836	
1.38908	
1.38936	
1.39036	
1.39098	
1.39136	
1.39209	
1.39236	
1.39336	
1.39399	
1.39436	
1.3951	
1.39536	
1.39636	
1.397	
1.39736	
1.39812	
1.39836	
1.39936	
1.39994	
1.40036	
1.40104	
1.40136	
1.40236	
1.40291	
1.40336	
1.404	
1.40436	
1.40536	
1.40589	
1.40636	
1.40698	
1.40736	
1.40836	
1.40888	
1.40936	
1.40996	
1.41036	
1.41136	
1.41188	
1.41236	
1.41295	
1.41336	
1.41436	
1.41487	
1.41536	
1.41595	
1.41636	
1.41736	
1.41787	
1.41836	
1.41895	
1.41936	
1.42036	
1.42087	
1.42136	
1.42195	
1.42236	
1.42336	
1.42388	
1.42436	
1.42496	
1.42536	
1.42636	
1.42689	
1.42736	
1.42797	
1.42836	
1.42936	
1.42989	
1.43036	
1.43098	
1.43136	
1.43236	
1.43291	
1.43336	
1.43399	
1.43436	
1.43536	
1.43592	
1.43636	
1.43701	
1.43736	
1.43836	
1.43894	
1.43936	
1.44004	
1.44036	
1.44136	
1.44196	
1.44236	
1.44306	
1.44336	
1.44436	
1.44498	
1.44536	
1.44609	
1.44636	
1.44736	
1.44801	
1.44836	
1.44913	
1.44936	
1.45036	
1.45104	
1.45136	
1.45217	
1.45236	
1.45336	
1.45407	
1.45436	
1.45522	
1.45536	
1.45608	
1.45636	
1.45709	
1.45736	
1.45825	
1.45836	
1.4589	
1.45936	
1.46009	
1.46036	
1.46125	
1.46136	
1.46191	
1.46236	
1.46309	
1.46336	
1.46424	
1.46436	
1.46495	
1.46536	
1.46608	
1.46636	
1.46723	
1.46736	
1.468	
1.46836	
1.46907	
1.46936	
1.47022	
1.47036	
1.47105	
1.47136	
1.47206	
1.47236	
1.47321	
1.47336	
1.47411	
1.47436	
1.47506	
1.47536	
1.4762	
1.47636	
1.47716	
1.47736	
1.47805	
1.47836	
1.47919	
1.47936	
1.48021	
1.48036	
1.48109	
1.48136	
1.48219	
1.48236	
1.4832	
1.48336	
1.48416	
1.48436	
1.4852	
1.48536	
1.48615	
1.48636	
1.48703	
1.48736	
1.48816	
1.48836	
1.48936	
1.49002	
1.49036	
1.49115	
1.49136	
1.49236	
1.49301	
1.49336	
1.49413	
1.49436	
1.49536	
1.496	
1.49636	
1.49712	
1.49736	
1.49836	
1.499	
1.49936	
1.50012	
1.50036	
1.50136	
1.50199	
1.50236	
1.50311	
1.50336	
1.50436	
1.50499	
1.50536	
1.50611	
1.50636	
1.50736	
1.50799	
1.50836	
1.50911	
1.50936	
1.51036	
1.511	
1.51136	
1.51212	
1.51236	
1.51336	
1.514	
1.51436	
1.51512	
1.51536	
1.51636	
1.51701	
1.51736	
1.51813	
1.51836	
1.51936	
1.52001	
1.52036	
1.52114	
1.52136	
1.52236	
1.52302	
1.52336	
1.52415	
1.52436	
1.52536	
1.52603	
1.52636	
1.52716	
1.52736	
1.52836	
1.52903	
1.52936	
1.53017	
1.53036	
1.53136	
1.53204	
1.53236	
1.53318	
1.53336	
1.53436	
1.53504	
1.53536	
1.53618	
1.53636	
1.53725	
1.53736	
1.53792	
1.53836	
1.53916	
1.53936	
1.54036	
1.54104	
1.54136	
1.54218	
1.54236	
1.54325	
1.54336	
1.54391	
1.54436	
1.54515	
1.54536	
1.54636	
1.54704	
1.54736	
1.54818	
1.54836	
1.54936	
1.55004	
1.55036	
1.55118	
1.55136	
1.55236	
1.55304	
1.55336	
1.55417	
1.55436	
1.55536	
1.55603	
1.55636	
1.55717	
1.55736	
1.55836	
1.55903	
1.55936	
1.56016	
1.56036	
1.56136	
1.56203	
1.56236	
1.56316	
1.56336	
1.56436	
1.56502	
1.56536	
1.56615	
1.56636	
1.56736	
1.56801	
1.56836	
1.56914	
1.56936	
1.57036	
1.571	
1.57136	
1.57213	
1.57236	
1.57336	
1.57399	
1.57436	
1.57511	
1.57536	
1.57636	
1.57698	
1.57736	
1.5781	
1.57836	
1.57936	
1.57998	
1.58036	
1.58109	
1.58136	
1.58236	
1.58297	
1.58336	
1.58408	
1.58436	
1.58536	
1.58596	
1.58636	
1.58706	
1.58736	
1.58836	
1.58895	
1.58936	
1.59005	
1.59036	
1.59136	
1.59194	
1.59236	
1.59304	
1.59336	
1.59436	
1.59494	
1.59536	
1.59603	
1.59636	
1.59736	
1.59793	
1.59836	
1.59902	
1.59936	
1.60036	
1.60092	
1.60136	
1.60202	
1.60236	
1.60336	
1.60392	
1.60436	
1.60501	
1.60536	
1.60636	
1.60691	
1.60736	
1.608	
1.60836	
1.60936	
1.6099	
1.61036	
1.61099	
1.61136	
1.61236	
1.6129	
1.61336	
1.61398	
1.61436	
1.61536	
1.61589	
1.61636	
1.61697	
1.61736	
1.61836	
1.61888	
1.61936	
1.61996	
1.62036	
1.62136	
1.62188	
1.62236	
1.62296	
1.62336	
1.62436	
1.62487	
1.62536	
1.62595	
1.62636	
1.62736	
1.62787	
1.62836	
1.62894	
1.62936	
1.63036	
1.63086	
1.63136	
1.63193	
1.63236	
1.63336	
1.63386	
1.63436	
1.63493	
1.63536	
1.63636	
1.63686	
1.63736	
1.63793	
1.63836	
1.63936	
1.63986	
1.64036	
1.64093	
1.64136	
1.64236	
1.64286	
1.64336	
1.64393	
1.64436	
1.64536	
1.64586	
1.64636	
1.64693	
1.64736	
1.64836	
1.64886	
1.64936	
1.64993	
1.65036	
1.65136	
1.65186	
1.65236	
1.65293	
1.65336	
1.65436	
1.65486	
1.65536	
1.65593	
1.65636	
1.65736	
1.65785	
1.65836	
1.65892	
1.65936	
1.66036	
1.66084	
1.66136	
1.66191	
1.66236	
1.66336	
1.66384	
1.66431	
1.66436	
1.66462	
1.66536	
1.66621	
1.66636	
1.66684	
1.66731	
1.66736	
1.66762	
1.66836	
1.6692	
1.66936	
1.66983	
1.6703	
